    lat    lon     lam1     lam2     lam3    V1_Up     V1_E     V1_N    V2_Up     V2_E     V2_N    V3_Up     V3_E     V3_N
  -10.0  -10.0   3.7436  1.18657  0.22394 -0.09153  0.99550  0.02433 -0.20325 -0.04259  0.97820  0.97484  0.08459  0.20624
  -10.0 -100.0   2.5335  0.85284  0.45966  0.02233 -0.70675 -0.70711 -0.26563  0.67767 -0.68572 -0.96382 -0.20314  0.17260
  -10.0 -105.0   2.4215  0.73014  0.56106 -0.12590  0.37726  0.91751  0.76905 -0.54712  0.33049 -0.62667 -0.74722  0.22125
  -10.0 -110.0   4.6358  0.67418  0.31798  0.23609  0.04278 -0.97079  0.97138 -0.03718  0.23460 -0.02606 -0.99839 -0.05033
  -10.0 -115.0   24.867  0.91283  0.04399  0.14253  0.29822 -0.94379  0.98406  0.05980  0.16751  0.10640 -0.95262 -0.28494
  -10.0 -120.0   8.3295  0.70821  0.16791 -0.03407  0.41181 -0.91063  0.34127  0.86119  0.37668 -0.93935  0.29794  0.16988
  -10.0 -125.0   2.7175  0.90903  0.40221  0.14483 -0.51401  0.84547 -0.36628 -0.82163 -0.43677 -0.91917  0.24642  0.30727
  -10.0 -130.0   2.3876  1.13492  0.36667  0.12120 -0.63462  0.76326  0.24963  0.76370  0.59535 -0.96073  0.11838  0.25098
  -10.0 -135.0    2.652  1.13172  0.33102  0.06994 -0.77712  0.62546  0.25531  0.62005  0.74186 -0.96433  0.10780  0.24177
  -10.0 -140.0   3.4185  0.94162  0.30881  0.04049 -0.83927  0.54220  0.36252  0.51801  0.77476 -0.93109  0.16519  0.32523
  -10.0 -145.0   17.589  0.45223  0.12517 -0.07405  0.85214 -0.51805  0.29465  0.51498  0.80497 -0.95273  0.09303  0.28921
  -10.0  -15.0   3.3529  1.37351  0.21580 -0.13326  0.94830  0.28804 -0.10662 -0.30266  0.94711  0.98533  0.09551  0.14144
  -10.0 -150.0    12.75  0.68656  0.11350 -0.04358  0.82839 -0.55846  0.81690 -0.29225 -0.49725  0.57512  0.47788  0.66398
  -10.0 -155.0   4.7842  0.94270  0.22044 -0.03501  0.79480 -0.60586  0.51484 -0.50525 -0.69257  0.85657  0.33617  0.39151
  -10.0 -160.0   2.9991  1.16663  0.28336  0.04553 -0.77418  0.63132 -0.35451  0.57832  0.73476  0.93394  0.25727  0.24812
  -10.0 -165.0   2.2309  1.32741  0.33501  0.07692 -0.76878  0.63487  0.29627 -0.59037 -0.75079  0.95200  0.24585  0.18236
  -10.0 -170.0   1.8398  1.50946  0.35773  0.00830 -0.73360  0.67953  0.17204 -0.66837 -0.72366  0.98505  0.12292  0.12066
  -10.0 -175.0   1.7587  1.53687  0.36699 -0.11147  0.19176  0.97509  0.01823 -0.98065  0.19494 -0.99360 -0.03951 -0.10581
  -10.0  -20.0   3.9599  1.38646  0.18076  0.15111 -0.61269 -0.77574  0.10509 -0.77035  0.62890 -0.98292 -0.17656 -0.05201
  -10.0  -25.0   3.8872  0.78445  0.32729 -0.01939  0.27486  0.96129  0.66937 -0.71063  0.21669  0.74268  0.64766 -0.17020
  -10.0  -30.0   3.6292  0.68281  0.40106  0.02155 -0.31806 -0.94783  0.63718 -0.72619  0.25817  0.77042  0.60950 -0.18701
  -10.0  -35.0   2.5282  0.86858  0.45178 -0.02042  0.42216  0.90629  0.19772 -0.88687  0.41757  0.98005  0.18772 -0.06536
  -10.0  -40.0   2.0332  0.96553  0.50547 -0.11503  0.55216  0.82576  0.09847 -0.82085  0.56259  0.98847  0.14603  0.04005
  -10.0  -45.0   1.8812  1.02446  0.51512  0.11719 -0.70707 -0.69736  0.07856 -0.69340  0.71626 -0.99000 -0.13872 -0.02571
  -10.0   -5.0   4.6918  1.00728  0.21020 -0.04557  0.99185 -0.11895 -0.27010  0.10240  0.95737  0.96175  0.07576  0.26323
  -10.0  -50.0    2.248  0.90219  0.48883  0.07904 -0.79372 -0.60312  0.06199 -0.59993  0.79765 -0.99494 -0.10043  0.00178
  -10.0  -55.0   3.5616  0.74415  0.37385 -0.04351  0.83486  0.54873  0.04137 -0.54728  0.83593  0.99820  0.05907 -0.01073
  -10.0  -60.0   2.7813  0.78653  0.45310 -0.00595  0.87616  0.48198  0.06980 -0.48045  0.87424  0.99754  0.03885 -0.05829
  -10.0  -65.0   2.0563  0.85760  0.56236  0.04853  0.90058  0.43197  0.09298 -0.43467  0.89578  0.99448 -0.00331 -0.10483
  -10.0  -70.0   1.9964  0.87655  0.56712 -0.00765 -0.92040 -0.39091  0.06357 -0.39057  0.91837 -0.99795 -0.01783  0.06149
  -10.0  -75.0    2.091  0.85451  0.55570  0.03544  0.92175  0.38616  0.00953  0.38607 -0.92242  0.99933 -0.03637 -0.00490
  -10.0  -80.0   2.4585  0.81422  0.49598  0.06200  0.91261  0.40411  0.02647 -0.40625  0.91338 -0.99773  0.04593  0.04934
  -10.0  -85.0   2.6676  0.81194  0.45857  0.07378  0.89222  0.44553  0.09936 -0.45111  0.88692 -0.99231  0.02117  0.12194
  -10.0  -90.0   2.6679  0.85518  0.43529 -0.07842 -0.86705 -0.49202 -0.13327  0.49823 -0.85674 -0.98797  0.00162  0.15462
  -10.0  -95.0   2.6633  0.88486  0.42122 -0.04416 -0.81861 -0.57265 -0.15655  0.57180 -0.80532 -0.98668 -0.05408  0.15340
  -10.0    0.0   6.0175  0.82490  0.20014 -0.00304  0.97722 -0.21220 -0.35351  0.19745  0.91435  0.93542  0.07779  0.34486
  -10.0   10.0   12.357  0.48150  0.16740  0.10413  0.90490 -0.41270 -0.30764  0.42391  0.85186  0.94579  0.03826  0.32252
  -10.0  100.0   3.1208  0.82172  0.38153  0.17798 -0.36146  0.91524 -0.29092  0.86919  0.39985 -0.94005 -0.33742  0.04954
  -10.0  105.0   3.8866  0.64046  0.40143  0.13446 -0.22312 -0.96547  0.75403 -0.60913  0.24578  0.64294  0.76104 -0.08634
  -10.0  110.0   2.6295  0.76288  0.49637  0.08091 -0.33968 -0.93705 -0.57424  0.75254 -0.32238 -0.81468 -0.56418  0.13417
  -10.0  115.0    1.821  1.03355  0.52704  0.00065 -0.56071 -0.82801  0.13999  0.81991 -0.55511 -0.99015  0.11555 -0.07903
  -10.0  120.0    1.715  1.02610  0.56330  0.00214 -0.76732 -0.64127  0.06490 -0.63981  0.76579  0.99789  0.04326 -0.04843
  -10.0  125.0   1.6993  1.00228  0.58270 -0.00826  0.82773  0.56107  0.16943 -0.55182  0.81657  0.98551  0.10181 -0.13569
  -10.0  130.0   1.8282  0.91893  0.59068 -0.07149 -0.83482 -0.54587  0.00084 -0.54732  0.83693 -0.99744  0.05937  0.03982
  -10.0  135.0   2.2719  0.84632  0.51522  0.09256 -0.82293 -0.56055  0.07248 -0.55591  0.82808 -0.99307 -0.11727  0.00819
  -10.0  140.0   2.4789  0.76304  0.52426  0.03132 -0.79794 -0.60193 -0.12697 -0.60052  0.78946 -0.99141  0.05170 -0.12012
  -10.0  145.0   4.8693  0.60390  0.33699 -0.02664  0.75413  0.65618 -0.01236 -0.65661  0.75413  0.99957  0.01198  0.02681
  -10.0   15.0   27.891  0.83134  0.04285 -0.42134 -0.71150  0.56234 -0.90476  0.28719 -0.31453 -0.06229  0.64131  0.76475
  -10.0  150.0   3.5317  0.68135  0.41157  0.02727 -0.69735 -0.71621  0.17147  0.70912 -0.68392  0.98481 -0.10416  0.13891
  -10.0  155.0   3.7252  0.70072  0.37991  0.01236 -0.59464 -0.80390 -0.20106 -0.78902  0.58054 -0.97950  0.15446 -0.12931
  -10.0  160.0   3.3862  0.79413  0.36888  0.00525 -0.46177 -0.88699 -0.11862 -0.88102  0.45796 -0.99293  0.10281 -0.05939
  -10.0  165.0   2.7141  0.89443  0.40867  0.06934 -0.29360 -0.95341 -0.17674 -0.94421  0.27792 -0.98181  0.14923 -0.11736
  -10.0  170.0   2.4876  1.00032  0.39874 -0.11141  0.25114  0.96152  0.03849 -0.96573  0.25669  0.99303  0.06560  0.09793
  -10.0  175.0   1.9426  1.17672  0.43416  0.16966 -0.25480 -0.95199  0.06183 -0.96134  0.26833  0.98356  0.10438  0.14735
  -10.0  180.0   1.8406  1.36189  0.39574 -0.15083  0.28777  0.94575  0.03788 -0.95431  0.29642 -0.98783 -0.08054 -0.13304
  -10.0   20.0   6.5968  0.63039  0.23923 -0.53113 -0.16742  0.83058 -0.70092 -0.46394 -0.54173  0.47604 -0.86990  0.12907
  -10.0   25.0   4.0197  0.59370  0.41534 -0.27843  0.53668  0.79652  0.90936  0.41419  0.03880  0.30909 -0.73513  0.60336
  -10.0   30.0   2.7132  0.82772  0.44267 -0.02031  0.80108  0.59821 -0.01034 -0.59847  0.80108  0.99974  0.01008  0.02044
  -10.0   35.0   2.4824  1.02862  0.38885 -0.10750 -0.85508 -0.50722  0.01231 -0.51128  0.85932 -0.99413  0.08613  0.06549
  -10.0   40.0   2.1293  1.09807  0.42473 -0.17516 -0.82940 -0.53048  0.02258 -0.54205  0.84004 -0.98428  0.13516  0.11368
  -10.0   45.0   1.9051  1.13226  0.46016  0.18454  0.80414  0.56507 -0.03596  0.58008 -0.81376 -0.98217  0.12985  0.13596
  -10.0    5.0   8.2789  0.68900  0.17369  0.05349  0.95333 -0.29716 -0.38886  0.29398  0.87313  0.91974  0.06885  0.38644
  -10.0   50.0   1.8183  1.13585  0.48056  0.18012  0.75793  0.62698 -0.02831  0.64113 -0.76691 -0.98324  0.12039  0.13694
  -10.0   55.0   1.7887  1.12334  0.49411  0.16819  0.69305  0.70100 -0.00971  0.71226 -0.70185 -0.98571  0.11124  0.12652
  -10.0   60.0    1.799  1.09091  0.50579  0.17734  0.60983  0.77244 -0.03631 -0.78029  0.62436  0.98348 -0.13877 -0.11624
  -10.0   65.0   1.8488  1.05948  0.50637  0.15434  0.49763  0.85355  0.04666  0.85926 -0.50940 -0.98692  0.11845  0.10940
  -10.0   70.0   1.8139  1.03837  0.52671  0.16248  0.41035  0.89734  0.05302  0.90448 -0.42321 -0.98529  0.11634  0.12520
  -10.0   75.0   1.6096  1.03768  0.59408  0.19022  0.33019  0.92455  0.06724  0.93515 -0.34781 -0.97944  0.12832  0.15569
  -10.0   80.0   1.5976  1.07090  0.58018  0.21631  0.15113  0.96456  0.16035  0.96903 -0.18779 -0.96307  0.19528  0.18537
  -10.0   85.0   1.5592  1.07463  0.59287  0.22089 -0.01914  0.97511  0.22304  0.97430 -0.03140 -0.94945  0.22442  0.21948
  -10.0   90.0   1.5799  1.07560  0.58462  0.15949 -0.20111  0.96650  0.20343  0.96471  0.16717 -0.96601  0.16995  0.19477
  -10.0   95.0   1.6599  1.01504  0.58957  0.15343 -0.30199  0.94088 -0.09895 -0.95207 -0.28944 -0.98319  0.04869  0.17596
  -15.0  -10.0   2.9406  1.19938  0.28157 -0.11587  0.97780  0.17460 -0.16464 -0.19226  0.96743  0.97952  0.08335  0.18326
  -15.0 -100.0   3.1294  0.70865  0.44790 -0.21589  0.88064  0.42175  0.53101 -0.25659  0.80758 -0.81940 -0.39830  0.41224
  -15.0 -105.0   2.3376  0.89638  0.47493  0.50785 -0.67410 -0.53636  0.63098 -0.13281  0.76435 -0.58648 -0.72660  0.35789
  -15.0 -110.0   4.8948  0.91560  0.22175  0.52332 -0.04508 -0.85094  0.81704 -0.25708  0.51609 -0.24202 -0.96534 -0.09770
  -15.0 -115.0    11.45  0.40605  0.21178  0.10225  0.33792 -0.93561 -0.81218 -0.51471 -0.27466 -0.57437  0.78797  0.22182
  -15.0 -120.0   4.5218  1.19988  0.18311 -0.10831 -0.60709  0.78722 -0.30508 -0.73337 -0.60753 -0.94615  0.30596  0.10578
  -15.0 -125.0    3.229  0.97119  0.31647  0.06538  0.81822 -0.57117  0.27473  0.53551  0.79859  0.95930 -0.20913 -0.18978
  -15.0 -130.0    4.456  0.90069  0.24730 -0.01160 -0.89330  0.44930 -0.22461 -0.43552 -0.87171 -0.97438  0.11103  0.19559
  -15.0 -135.0   9.4188  0.67950  0.15479  0.03032  0.91013 -0.41321  0.26669  0.39105  0.88089 -0.96331  0.13690  0.23086
  -15.0 -140.0    25.14  0.55440  0.07112 -0.08623 -0.88747  0.45273 -0.99611  0.08518 -0.02273  0.01839  0.45293  0.89136
  -15.0 -145.0   5.9618  0.81428  0.20463  0.06092  0.84942 -0.52420  0.68947 -0.41556 -0.59325  0.72174  0.32528  0.61096
  -15.0  -15.0   2.6515  1.30091  0.28814 -0.14323  0.92846  0.34270 -0.12631 -0.36059  0.92413  0.98160  0.08908  0.16892
  -15.0 -150.0   3.7725  1.06569  0.24710  0.00696  0.83104 -0.55617  0.44632 -0.50029 -0.74196  0.89485  0.24307  0.37439
  -15.0 -155.0   2.7555  1.27798  0.28202 -0.05688  0.82949 -0.55562  0.31741 -0.51263 -0.79779  0.94658  0.22174  0.23413
  -15.0 -160.0   2.1338  1.39188  0.33426  0.01235 -0.72187  0.69192 -0.29706  0.65808  0.69187 -0.95478 -0.21409 -0.20631
  -15.0 -165.0   1.8228  1.40585  0.38786 -0.04873 -0.56802  0.82157  0.25811 -0.80177 -0.53902  0.96488  0.18579  0.18569
  -15.0 -170.0   1.6152  1.44668  0.42532 -0.11478 -0.15455  0.98129 -0.16174  0.97755  0.13504 -0.98014 -0.14321 -0.13720
  -15.0 -175.0    1.687  1.36513  0.43113 -0.14733  0.23294  0.96127  0.03404 -0.97010  0.24029 -0.98850 -0.06812 -0.13499
  -15.0  -20.0    3.427  1.43320  0.20202 -0.16934  0.69953  0.69425  0.05673 -0.69634  0.71547  0.98392  0.16055  0.07824
  -15.0  -25.0   3.9856  0.78474  0.31725  0.08794 -0.31707 -0.94432  0.37633 -0.86716  0.32621 -0.92230 -0.38406  0.04306
  -15.0  -30.0   4.0944  0.61498  0.39610 -0.03946 -0.32857 -0.94365 -0.74610  0.63788 -0.19090 -0.66466 -0.69653  0.27032
  -15.0  -35.0   2.8851  0.79465  0.43371 -0.00247  0.40963  0.91225  0.23271 -0.88697  0.39891  0.97254  0.21327 -0.09314
  -15.0  -40.0   2.2462  0.97984  0.45127 -0.04061  0.55018  0.83406  0.11242 -0.82693  0.55095  0.99283  0.11614 -0.02827
  -15.0  -45.0   1.7963  1.02515  0.53934  0.12269 -0.65693 -0.74390  0.03590 -0.74613  0.66483 -0.99179 -0.10828 -0.06796
  -15.0   -5.0    3.554  1.14863  0.24354 -0.06895  0.99569  0.06196 -0.15245 -0.07189  0.98569  0.98590  0.05851  0.15675
  -15.0  -50.0    1.754  1.06990  0.52866  0.10877 -0.79547 -0.59615  0.05251 -0.59427  0.80255 -0.99268 -0.11860 -0.02287
  -15.0  -55.0   2.1909  1.00758  0.44902  0.08310 -0.83353 -0.54619 -0.08503 -0.55202  0.82948 -0.99291 -0.02249 -0.11675
  -15.0  -60.0   2.2398  0.89783  0.49237 -0.02912 -0.88350 -0.46752  0.15065 -0.46626  0.87173 -0.98816 -0.04504  0.14668
  -15.0  -65.0   2.1425  0.88230  0.52456 -0.07260 -0.91023 -0.40768  0.10505 -0.41346  0.90444 -0.99181  0.02284  0.12563
  -15.0  -70.0   2.1687  0.87413  0.52347 -0.03558 -0.92995 -0.36595  0.04954 -0.36737  0.92875 -0.99814  0.01492  0.05914
  -15.0  -75.0   2.0316  0.86526  0.56488  0.07167  0.93919  0.33584 -0.05379 -0.33258  0.94154 -0.99598  0.08555 -0.02668
  -15.0  -80.0   2.2649  0.80498  0.54469 -0.09025 -0.94140 -0.32499  0.10577  0.31542 -0.94304 -0.99029  0.11948 -0.07111
  -15.0  -85.0   2.7855  0.71606  0.49798 -0.05774 -0.93502 -0.34985 -0.02731  0.35178 -0.93568 -0.99796  0.04447  0.04585
  -15.0  -90.0   3.4821  0.62469  0.45630 -0.00476  0.93123  0.36440  0.24467 -0.35225  0.90336 -0.96959 -0.09345  0.22617
  -15.0  -95.0   3.7305  0.60495  0.43977 -0.08523  0.91987  0.38285  0.50710 -0.29071  0.81138 -0.85766 -0.26330  0.44169
  -15.0    0.0   4.3687  1.04835  0.21692 -0.02171  0.99936 -0.02847 -0.18244  0.02404  0.98292  0.98298  0.02653  0.18180
  -15.0   10.0   5.7971  0.78314  0.21869  0.06378  0.98551 -0.15714 -0.11250  0.16356  0.98010  0.99160 -0.04483  0.12130
  -15.0  100.0   2.2638  0.88240  0.49574  0.21548 -0.24930  0.94415  0.29517 -0.90501 -0.30633  0.93083  0.34469 -0.12142
  -15.0  105.0    6.723  1.16536  0.12832  0.00062 -0.16233 -0.98674 -0.59214  0.79509 -0.13118  0.80584  0.58436 -0.09563
  -15.0  110.0   2.4269  0.70967  0.57684  0.02627  0.28940  0.95685 -0.12916 -0.94817  0.29032 -0.99128  0.13121 -0.01247
  -15.0  115.0   1.9297  0.95633  0.53834 -0.02212 -0.57350 -0.81891  0.09755  0.81396 -0.57267 -0.99498  0.09255 -0.03794
  -15.0  120.0   1.9667  0.95953  0.52510 -0.01391 -0.73954 -0.67297 -0.05484 -0.67146  0.73901  0.99840 -0.04718  0.03122
  -15.0  125.0   1.9826  0.91234  0.54815 -0.04339  0.78669  0.61582 -0.00517  0.61622 -0.78756  0.99904  0.03735  0.02267
  -15.0  130.0   2.1816  0.87829  0.51751 -0.02030  0.79447  0.60696 -0.08260 -0.60634  0.79090  0.99638 -0.03408  0.07794
  -15.0  135.0   2.4411  0.85418  0.47577  0.03248  0.77208  0.63469 -0.02942 -0.63402  0.77276  0.99904 -0.04378  0.00212
  -15.0  140.0   2.3858  0.82613  0.50320  0.08638  0.73148  0.67637 -0.20712 -0.65089  0.73038  0.97450 -0.20318  0.09528
  -15.0  145.0   2.6633  0.84930  0.43830 -0.04501  0.65705  0.75250 -0.12701 -0.75091  0.64807  0.99088 -0.06640  0.11725
  -15.0   15.0   5.7947  0.59779  0.28642 -0.15372 -0.93619  0.31611  0.31332  0.25723  0.91415 -0.93712  0.23956  0.25379
  -15.0  150.0   2.7437  0.86160  0.41972 -0.03394  0.57710  0.81597  0.19652  0.80436 -0.56071 -0.97991  0.14133 -0.14071
  -15.0  155.0   2.7571  0.88271  0.40753 -0.05254  0.47128  0.88042 -0.19066 -0.87015  0.45440  0.98025 -0.14399  0.13557
  -15.0  160.0   2.3651  0.94041  0.44618 -0.09280  0.36205  0.92753 -0.13246 -0.92776  0.34889  0.98683 -0.09049  0.13405
  -15.0  165.0   2.4771  0.98861  0.40544  0.09829 -0.26622 -0.95889  0.10630  0.96085 -0.25587  0.98946 -0.07677  0.12274
  -15.0  170.0   2.2255  1.05370  0.42333 -0.14998  0.23928  0.95930  0.04376 -0.96771  0.24822  0.98772  0.07920  0.13466
  -15.0  175.0   1.8727  1.19178  0.44436  0.17985 -0.25711 -0.94950  0.03172 -0.96322  0.26684  0.98318  0.07811  0.16508
  -15.0  180.0   1.7549  1.27187  0.44424  0.16985 -0.31648 -0.93327  0.02064 -0.94568  0.32445  0.98525  0.07437  0.15410
  -15.0   20.0   292.46  0.15588  0.02131  0.94110  0.25602 -0.22087  0.32334 -0.49033  0.80934 -0.09890  0.83309  0.54423
  -15.0   25.0   2.5213  0.79165  0.49867 -0.39129  0.58363  0.71153  0.54682 -0.47443  0.68986 -0.74019 -0.65901  0.13350
  -15.0   30.0   2.1121  1.11287  0.42256 -0.02849 -0.85352 -0.52029  0.01964 -0.52088  0.85341 -0.99940  0.01410  0.03161
  -15.0   35.0   2.3305  1.16111  0.36667 -0.11816 -0.87393 -0.47148  0.02228 -0.47702  0.87861 -0.99274  0.09331  0.07584
  -15.0   40.0   2.1803  1.18595  0.38417 -0.15050 -0.82712 -0.54150  0.04593 -0.55299  0.83192 -0.98754  0.10033  0.12122
  -15.0   45.0   2.0124  1.17863  0.41868  0.18026  0.78059  0.59848 -0.04273  0.61409 -0.78808 -0.98269  0.11649  0.14405
  -15.0    5.0   5.1785  0.94313  0.20332  0.00801  0.99605 -0.08846 -0.17921  0.08846  0.97983  0.98378  0.00801  0.17921
  -15.0   50.0   1.9783  1.16498  0.43079  0.17308  0.72218  0.66971 -0.03516  0.68407 -0.72857 -0.98428  0.10256  0.14379
  -15.0   55.0   1.9107  1.12992  0.45992  0.17922  0.65348  0.73542 -0.02293  0.75009 -0.66093 -0.98354  0.10159  0.14941
  -15.0   60.0   1.9037  1.09915  0.47460  0.19065  0.56196  0.80489  0.01114  0.81864 -0.57420 -0.98159  0.11844  0.14982
  -15.0   65.0   1.9447  1.05101  0.48566  0.18365  0.46649  0.86525  0.03604  0.87644 -0.48017 -0.98233  0.11937  0.14414
  -15.0   70.0   1.9612  1.03142  0.49075  0.16769  0.40077  0.90070  0.02402  0.91171 -0.41014 -0.98555  0.09041  0.14326
  -15.0   75.0   1.8094  1.04365  0.52562  0.18239  0.33405  0.92474 -0.02026  0.94159 -0.33614 -0.98302  0.04257  0.17851
  -15.0   80.0   1.8125  1.08166  0.50620  0.19840  0.24775  0.94829  0.07648  0.96066 -0.26698 -0.97713  0.12550  0.17164
  -15.0   85.0   1.8114  1.08797  0.50382  0.19902  0.11520  0.97320  0.10406  0.98497 -0.13787 -0.97445  0.12871  0.18405
  -15.0   90.0   1.8061  1.09588  0.50208  0.20704 -0.03184  0.97781  0.12025  0.99272  0.00686 -0.97091  0.11616  0.20936
  -15.0   95.0   1.9225  1.01140  0.51082  0.17607 -0.14508  0.97363 -0.13278 -0.98354 -0.12254 -0.97538  0.10770  0.19243
  -20.0  -10.0   2.7284  1.27520  0.28551  0.12970 -0.96155 -0.24209 -0.12214 -0.25778  0.95845 -0.98400 -0.09475 -0.15088
  -20.0 -100.0   6.1699  0.73767  0.21825  0.38630 -0.91531 -0.11395  0.91733  0.39415 -0.05616  0.09632 -0.08284  0.99190
  -20.0 -105.0   17.738  0.58904  0.09491  0.64392 -0.76024 -0.08606  0.76105  0.64800 -0.02993  0.07852 -0.04622  0.99584
  -20.0 -110.0    74610  0.02528  0.00044 -0.99538 -0.07100  0.06463 -0.07626  0.17573 -0.98148 -0.05833  0.98188  0.18033
  -20.0 -115.0   53.864  0.37462  0.04934  0.65752  0.75310 -0.02232  0.74395 -0.64427  0.17737 -0.11919  0.13323  0.98389
  -20.0 -120.0   352.47  0.66618  0.00424 -0.37383 -0.92464  0.07273  0.92683 -0.36943  0.06713 -0.03520  0.09250  0.99509
  -20.0 -125.0   10.948  0.60081  0.15090 -0.22751 -0.96492  0.13106 -0.97050  0.21366 -0.11166 -0.07974  0.15259  0.98507
  -20.0 -130.0   4.6181  0.60698  0.35371  0.14695  0.96094 -0.23452  0.92588 -0.21706 -0.30924  0.34806  0.17170  0.92161
  -20.0 -135.0   3.3569  0.67943  0.43537 -0.04212 -0.94773  0.31629 -0.41155  0.30492  0.85887  0.91042  0.09399  0.40288
  -20.0 -140.0    2.877  0.94172  0.36627 -0.01148 -0.92948  0.36870 -0.25400  0.35934  0.89797  0.96714  0.08334  0.24021
  -20.0 -145.0   2.5905  1.19234  0.32156 -0.02244  0.91423 -0.40457 -0.23261  0.38879  0.89148  0.97231  0.11412  0.20394
  -20.0  -15.0   2.3682  1.26170  0.33230 -0.15898  0.90752  0.38876 -0.13050 -0.40963  0.90287 -0.97862 -0.09281 -0.18356
  -20.0 -150.0   2.3033  1.37406  0.31367 -0.05468  0.90431 -0.42336 -0.21693  0.40311  0.88907  0.97466  0.14045  0.17413
  -20.0 -155.0   2.0692  1.42164  0.33749 -0.08591  0.91342 -0.39785 -0.20741  0.37418  0.90386 -0.97447 -0.16017 -0.15731
  -20.0 -160.0   1.7569  1.45577  0.38824 -0.07405  0.82820 -0.55552 -0.23214  0.52743  0.81727 -0.96986 -0.18948 -0.15320
  -20.0 -165.0   1.5258  1.40659  0.46273 -0.11702 -0.33172  0.93609  0.20877 -0.92972 -0.30336  0.97094  0.15993  0.17805
  -20.0 -170.0   1.4546  1.30717  0.52249 -0.17594 -0.01132  0.98434  0.12776 -0.99174  0.01143  0.97607  0.12777  0.17594
  -20.0 -175.0    1.522  1.30569  0.49981 -0.15736  0.24010  0.95791  0.08606 -0.96297  0.25550  0.98378  0.12265  0.13087
  -20.0  -20.0   2.6087  1.32332  0.28755 -0.21343  0.73102  0.64812 -0.00712 -0.66456  0.74721 -0.97693 -0.15486 -0.14705
  -20.0  -25.0   3.5358  0.92521  0.30413  0.14253 -0.37317 -0.91675  0.15795 -0.90576  0.39326 -0.97711 -0.20085 -0.07015
  -20.0  -30.0   3.8897  0.54014  0.47214  0.01487 -0.32602 -0.94525  0.74894 -0.62270  0.22655 -0.66247 -0.71131  0.23491
  -20.0  -35.0   3.6709  0.61206  0.44199 -0.02397  0.42821  0.90336 -0.07556 -0.90181  0.42547  0.99685 -0.05806  0.05397
  -20.0  -40.0   2.4238  0.92084  0.44506 -0.04447  0.53718  0.84229  0.08167 -0.83835  0.53898  0.99567  0.09276 -0.00659
  -20.0  -45.0   2.0441  1.07078  0.45395  0.05924 -0.68176 -0.72917  0.03008 -0.72890  0.68396 -0.99779 -0.06245 -0.02267
  -20.0   -5.0   2.8408  1.18404  0.29522  0.10246 -0.97744 -0.18469 -0.14809 -0.19859  0.96883 -0.98365 -0.07191 -0.16509
  -20.0  -50.0   1.9098  1.13172  0.45917  0.07651 -0.79303 -0.60436 -0.06939 -0.60890  0.79020 -0.99465 -0.01852 -0.10161
  -20.0  -55.0   1.8959  1.11916  0.46753  0.05287 -0.86774 -0.49420  0.01683 -0.49405  0.86927 -0.99846 -0.05427 -0.01152
  -20.0  -60.0   1.7606  1.02509  0.54960  0.03968 -0.88568 -0.46260 -0.01378 -0.46341  0.88604 -0.99912 -0.02878 -0.03059
  -20.0  -65.0   1.8146  0.97238  0.56232 -0.04157 -0.91866 -0.39285 -0.03828 -0.39144  0.91941 -0.99840  0.05326 -0.01890
  -20.0  -70.0   1.9225  0.93592  0.55165 -0.06903 -0.94651 -0.31521 -0.02438 -0.31427  0.94902 -0.99732  0.07320 -0.00138
  -20.0  -75.0   1.9381  0.88715  0.57743  0.07564  0.96189  0.26278 -0.05168 -0.25940  0.96439 -0.99579  0.08653 -0.03009
  -20.0  -80.0   2.2697  0.80951  0.54043  0.08828  0.97393  0.20898 -0.04802 -0.20539  0.97750  0.99494 -0.09633  0.02863
  -20.0  -85.0   2.8562  0.68711  0.50597  0.04324  0.98336  0.17643 -0.02422 -0.17551  0.98418  0.99877 -0.04682  0.01623
  -20.0  -90.0   3.5642  0.55542  0.50155  0.04666 -0.98428 -0.17035 -0.79536 -0.13978  0.58980 -0.60434  0.10796 -0.78938
  -20.0  -95.0   4.3549  0.68503  0.33301  0.18620 -0.97082 -0.15110 -0.96506 -0.20957  0.15728 -0.18436  0.11653 -0.97593
  -20.0    0.0   3.0685  1.15218  0.28099  0.08229 -0.98700 -0.13804 -0.11916 -0.14726  0.98189 -0.98946 -0.06435 -0.12973
  -20.0   10.0   3.2813  1.06823  0.28354  0.01274 -0.99790 -0.06348 -0.14038 -0.06464  0.98798 -0.99002 -0.00367 -0.14091
  -20.0  100.0   2.7476  0.74401  0.48545  0.15139 -0.10901  0.98244  0.18036 -0.97417 -0.13588 -0.97188 -0.19777  0.12782
  -20.0  105.0    8.687  0.90461  0.12658 -0.11828  0.25345  0.96009  0.85024 -0.47360  0.22977  0.51293  0.84349 -0.15948
  -20.0  110.0    2.416  0.75507  0.54631  0.04352  0.33699  0.94050 -0.31837 -0.88764  0.33278 -0.94697  0.31391 -0.06865
  -20.0  115.0   2.1744  0.89132  0.51185 -0.00041 -0.54435 -0.83886  0.18252  0.82473 -0.53527 -0.98320  0.15333 -0.09902
  -20.0  120.0   2.2142  0.86393  0.51826  0.01895 -0.65855 -0.75230  0.11952  0.74853 -0.65224 -0.99265  0.07755 -0.09289
  -20.0  125.0   2.1602  0.89433  0.51318  0.02098 -0.72117 -0.69244 -0.22838 -0.67774  0.69894  0.97335 -0.14347  0.17892
  -20.0  130.0   1.9291  0.94409  0.54502 -0.01457  0.72498  0.68862  0.21750  0.67450 -0.70551  0.97595 -0.13950  0.16751
  -20.0  135.0   1.8929  0.92822  0.56516 -0.06823  0.69469  0.71607 -0.07418 -0.71929  0.69074  0.99491 -0.00600  0.10061
  -20.0  140.0   2.2279  0.91742  0.48527 -0.04647  0.67008  0.74083  0.02621 -0.74056  0.67148  0.99858  0.05062  0.01685
  -20.0  145.0   2.4993  0.92771  0.42773 -0.09949  0.58590  0.80426 -0.04299 -0.81004  0.58479  0.99411  0.02360  0.10578
  -20.0   15.0   2.9179  1.10608  0.30748 -0.09545 -0.99406  0.05236 -0.14349  0.06579  0.98746 -0.98504  0.08674 -0.14892
  -20.0  150.0   2.4884  0.93807  0.42509 -0.07912  0.50004  0.86238 -0.11620 -0.86382  0.49021  0.99007 -0.06142  0.12645
  -20.0  155.0   2.4271  0.95803  0.42682 -0.07541  0.42841  0.90043 -0.12932 -0.89958  0.41717  0.98873 -0.08499  0.12324
  -20.0  160.0   2.1485  1.01902  0.45341 -0.11179  0.37291  0.92111 -0.13316 -0.92418  0.35799  0.98477 -0.08263  0.15297
  -20.0  165.0   2.0608  1.02514  0.46977  0.09132 -0.32198 -0.94233  0.00293  0.94637 -0.32308  0.99582  0.02674  0.08737
  -20.0  170.0   2.1094  1.12327  0.41873  0.13611 -0.26021 -0.95591  0.06866 -0.96009  0.27113  0.98831  0.10253  0.11281
  -20.0  175.0   2.0348  1.24477  0.39139  0.14287 -0.24258 -0.95955  0.03236 -0.96784  0.24949  0.98921  0.06670  0.13042
  -20.0  180.0   1.6845  1.25723  0.46823  0.15442 -0.26790 -0.95099  0.03326 -0.96058  0.27600  0.98745  0.07425  0.13942
  -20.0   20.0   2.9823  1.00221  0.33266 -0.41677 -0.79531  0.44020  0.20332  0.39043  0.89790 -0.88598  0.46372 -0.00102
  -20.0   25.0   2.2885  1.17649  0.36900 -0.74069  0.59229  0.31713  0.02545 -0.44694  0.89420  0.67137  0.67040  0.31597
  -20.0   30.0   1.6982  1.30827  0.44701 -0.07073  0.98430  0.16172 -0.09885  0.15441 -0.98305 -0.99259 -0.08551  0.08637
  -20.0   35.0   2.1583  1.31257  0.34951 -0.09165 -0.90468 -0.41612  0.08467 -0.42344  0.90196 -0.99219  0.04743  0.11540
  -20.0   40.0   2.2318  1.27834  0.34810 -0.12526 -0.85013 -0.51146  0.05403 -0.52060  0.85209 -0.99065  0.07910  0.11114
  -20.0   45.0   2.2051  1.24540  0.36178 -0.14710 -0.76685 -0.62474  0.03447 -0.63520  0.77158 -0.98852  0.09197  0.11987
  -20.0    5.0   3.1961  1.11526  0.27863  0.06304 -0.99342 -0.09564 -0.13300 -0.10334  0.98571 -0.98911 -0.04942 -0.13863
  -20.0   50.0   2.1674  1.19466  0.38355  0.15459  0.69899  0.69822 -0.03433  0.71009 -0.70327 -0.98738  0.08475  0.13377
  -20.0   55.0   2.0787  1.13891  0.41951  0.17381  0.62544  0.76067 -0.03273  0.77567 -0.63029 -0.98424  0.08466  0.15529
  -20.0   60.0   2.0744  1.09712  0.43636  0.18618  0.52521  0.83035 -0.01055  0.84615 -0.53284 -0.98246  0.09045  0.16308
  -20.0   65.0   2.2018  1.04791  0.43014  0.17046  0.44965  0.87679  0.01541  0.88849 -0.45865 -0.98524  0.09169  0.14453
  -20.0   70.0   2.2009  1.02770  0.43883  0.17089  0.40773  0.89697  0.00141  0.91026 -0.41404 -0.98529  0.07202  0.15498
  -20.0   75.0   2.0428  1.04581  0.46461  0.17397  0.37752  0.90951 -0.01750  0.92463 -0.38045 -0.98460  0.05027  0.16747
  -20.0   80.0   2.0758  1.08781  0.43945  0.17850  0.32693  0.92804  0.00439  0.94291 -0.33302 -0.98393  0.06351  0.16687
  -20.0   85.0   2.1006  1.10678  0.42695  0.18806  0.24131  0.95205  0.00118  0.96929 -0.24591 -0.98216  0.04737  0.18200
  -20.0   90.0   2.0983  1.09323  0.43297  0.20516  0.10680  0.97288  0.02561  0.99310 -0.11442 -0.97839  0.04839  0.20101
  -20.0   95.0   2.3378  0.99138  0.42914 -0.17514 -0.00016 -0.98454  0.13366  0.99074 -0.02394 -0.97543  0.13579  0.17350
  -25.0  -10.0    2.278  1.21276  0.35946 -0.17468  0.94841  0.26457 -0.11124 -0.28599  0.95175 -0.97832 -0.13682 -0.15546
  -25.0 -100.0   3.1669  0.81019  0.38729 -0.32148  0.89445 -0.31083  0.92774  0.23180 -0.29251  0.18959  0.38241  0.90433
  -25.0 -105.0   5.6653  0.75407  0.23183  0.51764 -0.63455  0.57393 -0.83213 -0.21735  0.51021  0.19901  0.74169  0.64054
  -25.0 -110.0   25.435  0.73346  0.05357 -0.35406  0.08112 -0.93170  0.93428 -0.01408 -0.35626 -0.04201 -0.99661 -0.07080
  -25.0 -115.0    5.757  0.57127  0.30124 -0.33658 -0.21310 -0.91722 -0.67542  0.73335  0.07748 -0.65614 -0.64559  0.39076
  -25.0 -120.0   4.0492  0.79354  0.30857  0.14799  0.47118  0.86953  0.03192 -0.88103  0.47198 -0.98847  0.04209  0.14543
  -25.0 -125.0   2.5277  1.12218  0.35034  0.02830  0.84210  0.53857  0.52810 -0.47006  0.70722 -0.84871 -0.26440  0.45801
  -25.0 -130.0   2.7981  1.14321  0.30977  0.15312  0.76013  0.63147  0.52771 -0.60316  0.59810 -0.83551 -0.24165  0.49349
  -25.0 -135.0   2.6913  1.07438  0.34256  0.03469  0.76964  0.63753  0.23667 -0.62610  0.74296 -0.97097 -0.12512  0.20387
  -25.0 -140.0    2.234  1.41871  0.31261 -0.01228  0.84201  0.53932  0.02239 -0.53899  0.84201 -0.99967 -0.02242  0.01223
  -25.0 -145.0   2.1382  1.51347  0.30656 -0.06955  0.87844  0.47276  0.00090 -0.47385  0.88060 -0.99758 -0.06167 -0.03216
  -25.0  -15.0    2.215  1.27139  0.35226 -0.18727  0.90336  0.38583 -0.08752 -0.40656  0.90942 -0.97840 -0.13654 -0.15520
  -25.0 -150.0   2.0776  1.50221  0.31812 -0.13093  0.98798  0.08216  0.02399 -0.07970  0.99653 -0.99110 -0.13245  0.01327
  -25.0 -155.0   1.8905  1.52826  0.34338 -0.14071  0.99001  0.00855 -0.01886 -0.01131  0.99976 -0.98987 -0.14051 -0.02026
  -25.0 -160.0    1.634  1.47387  0.41217 -0.18675  0.88429  0.42796 -0.00166 -0.43590  0.89999 -0.98241 -0.16737 -0.08287
  -25.0 -165.0   1.4561  1.37777  0.49470 -0.19706  0.72289  0.66227 -0.05052  0.66713 -0.74323 -0.97909 -0.17992 -0.09494
  -25.0 -170.0   1.3693  1.30391  0.55602 -0.16305  0.47522  0.86463  0.06458 -0.86933  0.48999  0.98450  0.13573  0.11105
  -25.0 -175.0   1.4493  1.31501  0.52096 -0.13694  0.21422  0.96714  0.07896 -0.97087  0.22622  0.98743  0.10735  0.11604
  -25.0  -20.0   2.2423  1.31453  0.33636 -0.22532  0.74229  0.63106  0.01067 -0.64580  0.76344 -0.97423 -0.17876 -0.13759
  -25.0  -25.0   2.8521  1.07088  0.32417  0.14556 -0.42432 -0.89374  0.21351 -0.86860  0.44716 -0.96604 -0.25591 -0.03583
  -25.0  -30.0   3.3373  0.66410  0.44734 -0.11184  0.34355  0.93245 -0.26743  0.89332 -0.36120 -0.95706 -0.28977 -0.00804
  -25.0  -35.0    3.281  0.57598  0.52449  0.00987  0.45744  0.88919  0.57810 -0.72817  0.36819  0.81590  0.51041 -0.27164
  -25.0  -40.0   2.7912  0.78090  0.45573 -0.07820  0.54141  0.83711 -0.12424 -0.83843  0.53066  0.98917 -0.06251  0.13283
  -25.0  -45.0   2.0108  1.02590  0.48159 -0.04788  0.65464  0.75442  0.05074 -0.75272  0.65638  0.99756  0.06971  0.00283
  -25.0   -5.0   2.2999  1.18572  0.36408  0.15138 -0.96299 -0.22302 -0.13822 -0.24402  0.95987 -0.97876 -0.11448 -0.17004
  -25.0  -50.0   1.8159  1.10282  0.49578  0.05013 -0.78593 -0.61628 -0.00315 -0.61717  0.78682 -0.99874 -0.03750 -0.03341
  -25.0  -55.0   1.7718  1.11199  0.50359  0.05224 -0.87573 -0.47997 -0.00099 -0.48067  0.87690 -0.99863 -0.04534 -0.02597
  -25.0  -60.0   1.6507  1.07116  0.56131 -0.00348 -0.91633 -0.40042 -0.01237 -0.40035  0.91628 -0.99992  0.00814 -0.00994
  -25.0  -65.0   1.7222  1.03068  0.55930  0.06956  0.94756  0.31192 -0.02138 -0.31119  0.95011  0.99735 -0.07276 -0.00138
  -25.0  -70.0   1.7828  0.98559  0.56502  0.04745  0.96916  0.24182  0.00042 -0.24211  0.97025  0.99887 -0.04594 -0.01190
  -25.0  -75.0   1.9289  0.93415  0.55099  0.09010  0.98279  0.16125 -0.02889 -0.15926  0.98681  0.99551 -0.09357  0.01405
  -25.0  -80.0   2.2162  0.86526  0.51762  0.11172  0.98933  0.09348  0.00023 -0.09409  0.99556  0.99374 -0.11120 -0.01074
  -25.0  -85.0   2.6589  0.77241  0.48330  0.08605  0.99603  0.02262  0.00821 -0.02342  0.99969  0.99626 -0.08583 -0.01019
  -25.0  -90.0   3.0744  0.65485  0.49297  0.03032  0.99769 -0.06079 -0.03763  0.06191  0.99737  0.99883 -0.02795  0.03942
  -25.0  -95.0   3.1205  0.62521  0.50897 -0.09186  0.98059 -0.17321  0.88906  0.00243 -0.45779  0.44848  0.19605  0.87203
  -25.0    0.0    2.471  1.15036  0.34929  0.13299 -0.96593 -0.22201 -0.14292 -0.24035  0.96011 -0.98076 -0.09595 -0.17002
  -25.0   10.0   3.0141  1.10460  0.29814 -0.02130  0.95643  0.29120 -0.24383 -0.28744  0.92624  0.96958 -0.05127  0.23933
  -25.0  100.0   3.5613  0.57524  0.48278 -0.12083 -0.02928 -0.99224  0.21195  0.97575 -0.05460 -0.96978  0.21691  0.11169
  -25.0  105.0   4.4386  0.89342  0.24941  0.03913  0.22825  0.97282 -0.99261 -0.10304  0.06411  0.11487 -0.96813  0.22253
  -25.0  110.0   2.5114  0.80031  0.49483  0.06879  0.38087  0.92207 -0.51908 -0.77563  0.35911  0.85195 -0.50333  0.14434
  -25.0  115.0   2.5418  0.75218  0.51921  0.03912 -0.52202 -0.85203  0.37770  0.79715 -0.47105 -0.92510  0.30339 -0.22835
  -25.0  120.0   2.7302  0.91555  0.39742  0.04353 -0.61717 -0.78562  0.37593  0.73869 -0.55947 -0.92562  0.27099 -0.26417
  -25.0  125.0    2.188  0.99974  0.45355 -0.00666 -0.65407 -0.75641 -0.24417 -0.73246  0.63552  0.96971 -0.18892  0.15482
  -25.0  130.0   1.7773  1.03438  0.53984  0.02678  0.66722  0.74438  0.23315  0.71995 -0.65370  0.97207 -0.19105  0.13628
  -25.0  135.0   1.7784  0.98722  0.56497 -0.00053  0.62396  0.78145 -0.12537 -0.77533  0.61899  0.99211 -0.09764  0.07864
  -25.0  140.0   1.9014  0.97517  0.53505  0.00691  0.60165  0.79873 -0.06900 -0.79655  0.60062  0.99759 -0.05927  0.03601
  -25.0  145.0   1.8375  0.96634  0.55900  0.01474  0.54765  0.83658 -0.14139 -0.82712  0.54395  0.98984 -0.12630  0.06524
  -25.0   15.0   3.3936  1.01043  0.28973 -0.10454 -0.93365 -0.34259 -0.27595 -0.30372  0.91193 -0.95547  0.18986 -0.22589
  -25.0  150.0   1.9471  0.98107  0.51964 -0.07136  0.45739  0.88640 -0.16858 -0.88141  0.44124  0.98310 -0.11794  0.14001
  -25.0  155.0   1.9174  0.99541  0.52033 -0.10317  0.38695  0.91631 -0.14592 -0.91715  0.37087  0.98390 -0.09545  0.15108
  -25.0  160.0   1.9259  1.04194  0.49477 -0.10893  0.35991  0.92661 -0.07946 -0.93232  0.35279  0.99087 -0.03520  0.13016
  -25.0  165.0   1.6829  1.02862  0.57363 -0.12701  0.29862  0.94588 -0.04722 -0.95435  0.29495  0.99078 -0.00721  0.13531
  -25.0  170.0   1.9308  1.13237  0.45403 -0.11239  0.28284  0.95256  0.09790 -0.95082  0.29387  0.98883  0.12628  0.07917
  -25.0  175.0   1.9762  1.26264  0.39734 -0.08396  0.23166  0.96917  0.07167 -0.96868  0.23775  0.99389  0.08942  0.06472
  -25.0  180.0   1.6283  1.28842  0.47280 -0.12023  0.20757  0.97080  0.07311 -0.97339  0.21718  0.99005  0.09708  0.10186
  -25.0   20.0   2.7728  0.85964  0.41746 -0.32465 -0.82587 -0.46103 -0.35305 -0.34639  0.86912 -0.87747  0.44493 -0.17912
  -25.0   25.0   14.146  0.43968  0.15941 -0.79856 -0.02214 -0.60151 -0.47286 -0.59526  0.64967 -0.37244  0.80322  0.46489
  -25.0   30.0   1.9682  0.93644  0.53811 -0.01343  0.84104 -0.54081 -0.32187  0.50844  0.79868  0.94669  0.18480  0.26388
  -25.0   35.0   1.9585  1.38461  0.36664  0.01101  0.99753  0.06931 -0.05268  0.06979 -0.99617 -0.99855  0.00732  0.05332
  -25.0   40.0   2.2449  1.37155  0.32193 -0.07818 -0.89251 -0.44420  0.06257 -0.44908  0.89130 -0.99497  0.04189  0.09095
  -25.0   45.0   2.3704  1.30391  0.32123 -0.10902 -0.79665 -0.59452  0.03553 -0.60083  0.79859 -0.99340  0.06594  0.09381
  -25.0    5.0   2.6942  1.11253  0.33123  0.10180 -0.96455 -0.24347 -0.15268 -0.25699  0.95428 -0.98302 -0.05997 -0.17343
  -25.0   50.0   2.3813  1.22837  0.33960 -0.12341 -0.70518 -0.69821  0.04004 -0.70655  0.70653 -0.99155  0.05923  0.11543
  -25.0   55.0   2.3637  1.17302  0.35825 -0.13738 -0.60923 -0.78100  0.03169 -0.79078  0.61128 -0.99001  0.05923  0.12794
  -25.0   60.0   2.4599  1.09063  0.37007 -0.13387 -0.52104 -0.84297 -0.01574 -0.84940  0.52751 -0.99087  0.08389  0.10551
  -25.0   65.0    2.607  1.03796  0.36666  0.11686  0.46236  0.87896 -0.00814  0.88544 -0.46468 -0.99312  0.04715  0.10723
  -25.0   70.0   2.5837  1.03038  0.37274  0.11709  0.44315  0.88877  0.01373  0.89412 -0.44762 -0.99303  0.06461  0.09861
  -25.0   75.0    2.463  1.04600  0.38504  0.13364  0.43627  0.88983 -0.00417  0.89813 -0.43971 -0.99102  0.05505  0.12185
  -25.0   80.0   2.3905  1.07832  0.38496  0.15967  0.40698  0.89937  0.02568 -0.91247  0.40834 -0.98684  0.04210  0.15615
  -25.0   85.0   2.2573  1.08368  0.40585 -0.17711 -0.33915 -0.92391 -0.05776  0.94072 -0.33424 -0.98249  0.00583  0.18620
  -25.0   90.0   2.3936  1.07454  0.38626 -0.18637 -0.24080 -0.95251  0.06412  0.96445 -0.25636 -0.98039  0.10885  0.16430
  -25.0   95.0   2.9553  0.94865  0.35448 -0.14767 -0.13062 -0.98037  0.10894  0.98306 -0.14738 -0.98302  0.12856  0.13094
  -30.0  -10.0   1.9339  1.18674  0.43241 -0.20127  0.94009  0.27516 -0.14892 -0.30701  0.93998 -0.96815 -0.14821 -0.20179
  -30.0 -100.0   3.3152  0.75652  0.39499  0.17135 -0.71384  0.67903  0.98110  0.18650 -0.05151 -0.08987  0.67502  0.73230
  -30.0 -105.0   3.9258  0.77887  0.32421 -0.18598  0.34194 -0.92114 -0.89499 -0.44583  0.01520 -0.40547  0.82723  0.38894
  -30.0 -110.0   20.549  1.17302  0.04111  0.30308 -0.00346  0.95296 -0.95029 -0.07601  0.30195  0.07139 -0.99710 -0.02633
  -30.0 -115.0   8.6173  0.44382  0.26003 -0.09769 -0.21331 -0.97209 -0.78810  0.61305 -0.05533 -0.60774 -0.76070  0.22800
  -30.0 -120.0   4.0273  0.70607  0.34857 -0.01691  0.38851  0.92129  0.27050 -0.88528  0.37830 -0.96257 -0.25561  0.09012
  -30.0 -125.0   3.3899  0.95478  0.30662 -0.08176  0.49577  0.86460  0.03741 -0.86537  0.49974 -0.99595 -0.07321 -0.05220
  -30.0 -130.0   2.7408  1.10774  0.32708  0.17465 -0.55939 -0.81030 -0.05886  0.81554 -0.57569 -0.98287 -0.14824 -0.10951
  -30.0 -135.0   2.7161  1.21263  0.30143  0.07642 -0.53673 -0.84029 -0.25519  0.80415 -0.53686 -0.96387 -0.25546  0.07551
  -30.0 -140.0   3.1506  1.23205  0.25599  0.02801  0.54330  0.83907  0.16973 -0.82980  0.53163 -0.98509 -0.12753  0.11546
  -30.0 -145.0   2.7517  1.33699  0.27013  0.00087  0.64743  0.76213  0.14638 -0.75400  0.64036 -0.98923 -0.11101  0.09543
  -30.0  -15.0    1.902  1.27792  0.40807 -0.22356  0.90452  0.36314 -0.11565 -0.39456  0.91157 -0.96780 -0.16180 -0.19281
  -30.0 -150.0   2.3452  1.47428  0.28681 -0.05756  0.72973  0.68131  0.07663 -0.67720  0.73180 -0.99540 -0.09434  0.01694
  -30.0 -155.0   2.0751  1.38296  0.34599 -0.13369  0.74041  0.65873 -0.05773  0.65775 -0.75102 -0.98934 -0.13843 -0.04520
  -30.0 -160.0   1.7413  1.32590  0.42990 -0.18003  0.81177  0.55553 -0.10162  0.54639 -0.83134 -0.97840 -0.20611 -0.01587
  -30.0 -165.0    1.542  1.34351  0.47911 -0.16131  0.82042  0.54853 -0.10244  0.53889 -0.83612 -0.98157 -0.19107 -0.00289
  -30.0 -170.0   1.4374  1.31560  0.52496 -0.14078  0.79976  0.58357  0.05377 -0.58240  0.81112  0.98858  0.14557  0.03899
  -30.0 -175.0   1.4349  1.33343  0.51901 -0.12048  0.41196  0.90320  0.07497 -0.90345  0.42208  0.98988  0.11856  0.07797
  -30.0  -20.0   1.8601  1.28834  0.41391 -0.27259  0.77079  0.57583 -0.01324 -0.60145  0.79880 -0.96204 -0.21012 -0.17415
  -30.0  -25.0   2.0739  1.13838  0.41982 -0.25433  0.48730  0.83538  0.14275 -0.83541  0.53077 -0.95652 -0.25424 -0.14291
  -30.0  -30.0     2.61  0.80672  0.47078 -0.12600  0.35896  0.92481  0.17040 -0.91055  0.37664  0.97729  0.20504  0.05356
  -30.0  -35.0   2.8819  0.65870  0.52227  0.07008 -0.41989 -0.90487 -0.17335 -0.89842  0.40347 -0.98236  0.12858 -0.13574
  -30.0  -40.0   2.6818  0.68819  0.53766  0.07646  0.56718  0.82004  0.21834 -0.81201  0.54126  0.97287  0.13766 -0.18592
  -30.0  -45.0   2.4815  0.89074  0.44859  0.03385  0.67910  0.73327 -0.10331 -0.72738  0.67841  0.99407 -0.09871  0.04554
  -30.0   -5.0   2.1672  1.15016  0.39845 -0.16029  0.95472  0.25065 -0.14926 -0.27446  0.94994  0.97572  0.11485  0.18649
  -30.0  -50.0   1.8102  1.03571  0.52934 -0.05268  0.78916  0.61193 -0.02760 -0.61370  0.78906  0.99823  0.02468  0.05411
  -30.0  -55.0    1.682  1.07954  0.54651  0.04937 -0.87767 -0.47671  0.00205 -0.47720  0.87879 -0.99878 -0.04436 -0.02176
  -30.0  -60.0   1.6012  1.07813  0.57470  0.03160  0.93459  0.35432 -0.02389 -0.35369  0.93506  0.99922 -0.03801  0.01115
  -30.0  -65.0   1.6757  1.06007  0.55873  0.04740  0.97377  0.22255  0.00235 -0.22291  0.97484  0.99887 -0.04568 -0.01285
  -30.0  -70.0   1.7391  1.02004  0.55936  0.05436  0.98940  0.13463 -0.00038 -0.13481  0.99087  0.99852 -0.05392 -0.00695
  -30.0  -75.0    1.955  0.96856  0.52425  0.08672  0.99515  0.04633  0.00619 -0.04704  0.99887  0.99621 -0.08633 -0.01024
  -30.0  -80.0    2.268  0.89930  0.48655  0.09778  0.99427 -0.04326  0.01143  0.04235  0.99904  0.99514 -0.09818 -0.00723
  -30.0  -85.0    2.713  0.80802  0.45259  0.07181  0.98674 -0.14553  0.02981  0.14372  0.98917  0.99697 -0.07537 -0.01910
  -30.0  -90.0   3.1196  0.69373  0.45858  0.03542  0.95913 -0.28073  0.06940  0.27786  0.95811  0.99696 -0.05342 -0.05673
  -30.0  -95.0   3.2148  0.57824  0.53456 -0.03644  0.88495 -0.46426  0.63284  0.37998  0.67463  0.77342 -0.26922 -0.57388
  -30.0    0.0   2.5932  1.12592  0.33999 -0.10449  0.94689  0.30411 -0.17138 -0.31836  0.93235  0.97965  0.04530  0.19554
